1234567890fewhgdglfjjkkhklfffkfddjrgfvfhh||20151125|144412|0|0|||||51|D|
1234567890fewhgdgllfjjkkhklfffkfddjrgfvfhh||20151125|150040|0|0|||||51|D|
1234567890fewhgdgllfkjjkkhkklffgfkfddjrgfvfhh||20151125|152502|0|0|||||51|D|
1234567890fewhgdgllfkjjkkhkklfjjgfkfddjrgfvfhh||20151125|171258|0|0|||||51|D|
1234567890fewhgdgllfkjjkkhklfffkfddjrgfvfhh||20151125|150400|0|0|||||51|D|
1234567890fewhgdgllfkjjkkhklffgfkfddjrgfvfhh||20151125|150734|0|0|||||51|D|
SWT144841428710316871950|11111100000000|20151125|091807|0|0|||||01|C|
SWT144841845090276741079|11111100000000|20151125|102730|0|0|||||01|C|
SWT144841936549924171308|11111100000000|20151125|104245|0|0|||||01|C|
SWT144841972767915156693|11111100000000|20151125|104847|0|0|||||01|C|
SWT144843122172295265388|11111100000000|20151125|140022|0|0|||||01|C|
SWT144843229669084648327|11111100000000|20151125|141816|0|0|||||01|C|
SWT144843247575826603260|11111100000000|20151125|142115|0|0|||||01|C|
SWT144843266751023884714|11111100000000|20151125|142427|0|0|||||01|C|
SWT144843305158570344766|11111100000000|20151125|143051|0|0|||||01|C|
SWT144843633845529599392|11111100000000|20151125|152538|0|0|||||01|C|
SWT144843643635833649153|11111100000000|20151125|152716|0|0|||||01|C|
SWT144843691739115164867|11111100000000|20151125|153517|0|0|||||01|C|
SWT144844042902514487206|11111100000000|20151125|163349|0|0|||||01|C|
SWT144844364521963636458|11111100000000|20151125|172725|0|0|||||01|C|
