2015110600000056|00000100000359|20151106|153030|0|0|||||01|C|
P20151106090507||20151106|090507|0|0|||||51|D|
P20151106094343||20151106|094343|0|0|||||51|D|
P20151106095736||20151106|095736|0|0|||||51|D|
P20151106112608||20151106|112608|0|0|||||51|D|
P20151106141154||20151106|141154|0|0|||||51|D|
P20151106142709||20151106|142709|0|0|||||51|D|
P20151106143418||20151106|143418|0|0|||||51|D|
R015110600000023|null|20151106|143630|0|0|||||31|C|P20151106143418
R015110600000024||20151106|153255|0|0|||||31|C|20151106023049851763038
