SWT144826222839988043266|11111100000000|20151123|150348|0|0|||||01|C|
SWT144826353977859046456|11111100000000|20151123|152539|0|0|||||01|C|
SWT144826461324793635134|11111100000000|20151123|154333|0|0|||||01|C|
SWT144826492734238111040|11111100000000|20151123|154847|0|0|||||01|C|
SWT144827156544786315955|11111100000000|20151123|173925|0|0|||||01|C|
SWT144827160801181176149|11111100000000|20151123|174008|0|0|||||01|C|
SWT144827255441536946170|11111100000000|20151123|175554|0|0|||||01|C|
SWT144827597348117410150|11111100000000|20151123|185253|0|0|||||01|C|
SWT201511230922346330|11111100000000|20151123|092234|0|0|||||01|C|
SWT201511231019103292|11111100000000|20151123|101910|0|0|||||01|C|
SWT201511231038248566|11111100000000|20151123|103824|0|0|||||01|C|
SWT201511231525414735|11111100000000|20151123|152541|0|0|||||01|C|
SWT201511231621232348|11111100000000|20151123|162123|0|0|||||01|C|
SWT201511231635358966|11111100000000|20151123|163535|0|0|||||01|C|
SWT201511231648232669|11111100000000|20151123|164823|0|0|||||01|C|
