P20151118090353||20151118|090353|0|0|||||51|D|
P20151118092256||20151118|092256|0|0|||||51|D|
P20151118092405||20151118|092405|0|0|||||51|D|
P20151118094220||20151118|094220|0|0|||||51|D|
P20151118094722||20151118|094722|0|0|||||51|D|
P20151118095713||20151118|095713|0|0|||||51|D|
P20151118095801||20151118|095801|0|0|||||51|D|
P20151118095803|11111100000000|20151118|095803|0|0|||||01|C|
P20151118100040|11111100000000|20151118|100040|0|0|||||01|C|
P20151118104019||20151118|104019|0|0|||||51|D|
P20151118145844||20151118|145844|0|0|||||51|D|
P20151118150600||20151118|150600|0|0|||||51|D|
SWT144781211270375850957|11111100000000|20151118|100153|0|0|||||01|C|
SWT144781578700119632721|11111100000000|20151118|110307|0|0|||||01|C|
