SWT144832776483831034391|11111100000000|20151124|091604|0|0|||||01|C|
SWT144832798311822972358|11111100000000|20151124|091943|0|0|||||01|C|
SWT144832817430862692157|11111100000000|20151124|092254|0|0|||||01|C|
SWT144832846626527291248|11111100000000|20151124|092746|0|0|||||01|C|
SWT144833025898864978157|11111100000000|20151124|095739|0|0|||||01|C|
SWT144833244581226745104|11111100000000|20151124|103405|0|0|||||01|C|
SWT144833328584196887157|11111100000000|20151124|104806|0|0|||||01|C|
SWT144833366495197622871|11111100000000|20151124|105427|0|0|||||01|C|
SWT144833474471627950675|11111100000000|20151124|111224|0|0|||||01|C|
SWT144833524203176873800|11111100000000|20151124|112042|0|0|||||01|C|
SWT144834550431946625125|11111100000000|20151124|141145|0|0|||||01|C|
SWT144834555045057661312|11111100000000|20151124|141230|0|0|||||01|C|
SWT144834619332710035405|11111100000000|20151124|142313|0|0|||||01|C|
SWT144834641775840220764|11111100000000|20151124|142657|0|0|||||01|C|
SWT144834666008664898244|11111100000000|20151124|143100|0|0|||||01|C|
SWT144834716552725144742|11111100000000|20151124|143925|0|0|||||01|C|
SWT144834772836869790517|11111100000000|20151124|144848|0|0|||||01|C|
SWT144834831260760098190|11111100000000|20151124|145832|0|0|||||01|C|
SWT144834845231099171176|11111100000000|20151124|150052|0|0|||||01|C|
SWT144834848048359695343|11111100000000|20151124|150120|0|0|||||01|C|
SWT144835712313743965735|11111100000000|20151124|172523|0|0|||||01|C|
SWT144835731141154320206|11111100000000|20151124|172831|0|0|||||01|C|
SWT144835753426155688246|11111100000000|20151124|173214|0|0|||||01|C|
SWT144835764977662598036|11111100000000|20151124|173409|0|0|||||01|C|
SWT144835775438379009038|11111100000000|20151124|173554|0|0|||||01|C|
SWT201511241124304915|11111100000000|20151124|112430|0|0|||||01|C|
