S56|01055800|00049993|877254|0918173948|439225******1126|000000085000|4131|07|D015091800001036|01|P015091800001036|02|D000000000120|C000000019880|0001|01|000201|700000000000001|000000000000000|000000000000|C000000019880|01080209|000000000000|000000000000|00000000000|7|
S56|01055800|00049993|255461|0918173508|439225******1126|000000085000|4131|07|D015091800001037|01|P015091800001037|02|D000000000006|C000000000994|0001|01|000201|700000000000001|000000000000000|000000000000|C000000000994|01080209|000000000000|000000000000|00000000000|7|
S56|01055800|00049993|877254|0918173948|439225******1126|000000085000|4131|07|D015091800001044|01|P015091800001044|02|D000000000120|C000000019880|0001|01|000201|700000000000001|000000000000000|000000000000|C000000019880|01080209|000000000000|000000000000|00000000000|7|
S56|01055800|00049993|255461|0918173508|439225******1126|000000085000|4131|07|D015091800001045|01|P015091800001045|02|D000000000006|C000000000994|0001|01|000201|700000000000001|000000000000000|000000000000|C000000000994|01080209|000000000000|000000000000|00000000000|7|
S56|01055800|00049993|255461|0918173508|439225******1126|000000630000|4131|07|D015091800001039|01|P015091800001039|02|D000000000006|C000000000994|0001|01|000201|700000000000001|000000000000000|000000000000|C000000000994|01080209|000000000000|000000000000|00000000000|7|
S56|01055800|00049993|877254|0918173948|439225******1126|000000000001|4131|07|D015091800001042|01|P015091800001042|02|D000000000120|C000000019880|0001|01|000201|700000000000001|000000000000000|000000000000|C000000019880|01080209|000000000000|000000000000|00000000000|7|
S56|01055800|00049993|255461|0918173508|439225******1126|000000100000|4131|07|D015091800001043|01|P015091800001043|02|D000000000006|C000000000994|0001|01|000201|700000000000001|000000000000000|000000000000|C000000000994|01080209|000000000000|000000000000|00000000000|7|
S56|01055800|00049993|877254|0918173948|439225******1126|000000085000|4131|07|D015091900000004|01|P015091900000004|02|D000000000120|C000000019880|0001|01|000201|700000000000001|000000000000000|000000000000|C000000019880|01080209|000000000000|000000000000|00000000000|7|
S56|01055800|00049993|255461|0918173508|439225******1126|000000010000|4131|07|D015091800001008|01|P015091800001008|02|D000000000006|C000000000994|0001|01|000201|700000000000001|000000000000000|000000000000|C000000000994|01080209|000000000000|000000000000|00000000000|7|
S56|01055800|00049993|255461|0918173508|439225******1126|000000010000|4131|07|D015091800001034|01|P015091800001034|02|D000000000006|C000000000994|0001|01|000201|700000000000001|000000000000000|000000000000|C000000000994|01080209|000000000000|000000000000|00000000000|7|
S56|01055800|00049993|877254|0918173948|439225******1126|000000867900|4131|07|D015091800001022|01|P015091800001022|02|D000000000120|C000000019880|0001|01|000201|700000000000001|000000000000000|000000000000|C000000019880|01080209|000000000000|000000000000|00000000000|7|
S56|01055800|00049993|255461|0918173508|439225******1126|000000001000|4131|07|D015091800001018|01|P015091800001018|02|D000000000006|C000000000994|0001|01|000201|700000000000001|000000000000000|000000000000|C000000000994|01080209|000000000000|000000000000|00000000000|7|
S56|01055800|00049993|877254|0918173948|439225******1126|000000100000|4131|07|D015091800001029|01|P015091800001029|02|D000000000120|C000000019880|0001|01|000201|700000000000001|000000000000000|000000000000|C000000019880|01080209|000000000000|000000000000|00000000000|7|
S56|01055800|00049993|255461|0918173508|439225******1126|000000001200|4131|07|D015091800001031|01|P015091800001031|02|D000000000006|C000000000994|0001|01|000201|700000000000001|000000000000000|000000000000|C000000000994|01080209|000000000000|000000000000|00000000000|7|
S56|01055800|00049993|255461|0918173509|439225******1126|000000010000|4131|07|D015091800001032|01|P015091800001032|02|D000000000006|C000000000994|0001|01|000201|700000000000001|000000000000000|000000000000|C000000000994|01080209|000000000000|000000000000|00000000000|7|
S56|01055800|00049993|255461|0918173510|439225******1126|000001000000|4131|07|D015091800001033|01|P015091800001033|02|D000000000006|C000000000994|0001|01|000201|700000000000001|000000000000000|000000000000|C000000000994|01080209|000000000000|000000000000|00000000000|7|
S56|01055800|00049993|255461|0918173511|439225******1126|000000005000|4131|07|D015091800001035|01|P015091800001035|02|D000000000006|C000000000994|0001|01|000201|700000000000001|000000000000000|000000000000|C000000000994|01080209|000000000000|000000000000|00000000000|7|