S22|01055800|00049993|504815|1127103138|621288*********3420|000001558000|4131|07201511271031385048158|01|P01511270000000701|D000000004674|C000001553326|0001|01|000201|105440141319985|000000000000000|000000000000|C000001553326|01080209|000000000000|000000000000|00000000000|7
S56|01055800|00049993|242886|1127150114|625859******2981|000001282750|4131|07201511271501142428868|01|P015112700000021|02|D000000007697C000001275053|0001|01|000201|105440141319985|000000000000000|000000000000|C000001275053|01080209|000000000000|000000000000|00000000000|7
S22|01055800|00049993|419345|1127122426|622848*********0810|000001494000|4131|07201511271224264193458|01|P015112700000010|01|D000000004482|C000001489518|0001|01|000201|105440141319985|000000000000000|000000000000|C000001489518|01080209|000000000000|000000000000|00000000000|7
S56|01055800|00049993|083519|1127162118|439226******4605|000000105000|4131|07201511271621180835198|01|P015112700000038|02|D000000000630|C000000104370|0001|01|000201|105440141319985|000000000000000|000000000000|C000000104370|01080209|000000000000|000000000000|00000000000|7
S22|01055800|00049993|972010|1127095619|622848*********7774|000000627900|4131|07201511270956199720108|01|P015112700000003|01|D000000001884|C000000626016|0001|01|000201|105440141319985|000000000000000|000000000000|C000000626016|01080209|000000000000|000000000000|00000000000|7
S22|01055800|00049993|029391|1127154822|622848*********9271|000000005000|4131|07201511271548220293918|01|P015112700000035|01|D000000000015|C000000004985|0001|01|000201|105440141319985|000000000000000|000000000000|C000000004985|01080209|000000000000|000000000000|00000000000|7
S22|01055800|00049993|459439|1127100128|622208*********7342|000000360400|4131|07201511271001284594398|01|P015112700000004|01|D000000001081|C000000359319|0001|01|000201|105440141319985|000000000000000|000000000000|C000000359319|01080209|000000000000|000000000000|00000000000|7
S22|01055800|00049993|428259|1127181725|622253******5621|000000160000|4131|07201511271817254282598|01|P015112700000052|02|D000000000960|C000000159040|0001|01|000201|105440141319985|000000000000000|000000000000|C000000159040|01080209|000000000000|000000000000|00000000000|7
S22|01055800|00049993|488273|1127122708|622848*********0810|000000034834|4131|07201511271227084882738|01|P015112700000011|01|D000000000105|C000000034729|0001|01|000201|105440141319985|000000000000000|000000000000|C000000034729|01080209|000000000000|000000000000|00000000000|7
S22|01055800|00049993|606548|1127163815|622848*********4775|000002201500|4131|07201511271638156065488|01|P015112700000040|01|D000000006605|C000002194895|0001|01|000201|105440141319985|000000000000000|000000000000|C000002194895|01080209|000000000000|000000000000|00000000000|7
S22|01055800|00049993|629995|1127170212|622848*********4571|000001318000|4131|07201511271702126299958|01|P015112700000043|01|D000000003954|C000001314046|0001|01|000201|105440141319985|000000000000000|000000000000|C000001314046|01080209|000000000000|000000000000|00000000000|7
S22|01055800|00049993|552479|1127105651|622208*********4911|000000150000|4131|07201511271056515524798|01|P015112700000008|01|D000000000450|C000000149550|0001|01|000201|105440141319985|000000000000000|000000000000|C000000149550|01080209|000000000000|000000000000|00000000000|7
S56|01055800|00049993|699286|1127211321|622155******4835|000000768946|4131|07201511272113216992868|01|P015112700000055|02|D000000004614|C000000764332|0001|01|000201|105440141319985|000000000000000|000000000000|C000000764332|01080209|000000000000|000000000000|00000000000|7
S22|01055800|00049993|909491|1127171629|622848*********3471|000000600000|4131|07201511271716299094918|01|P015112700000044|01|D000000001800|C000000598200|0001|01|000201|105440141319985|000000000000000|000000000000|C000000598200|01080209|000000000000|000000000000|00000000000|7